 -6.2740923e-001  3.7259077e-001  1.0000000e+000
  2.5185029e-001  1.2518503e+000  1.0000000e+000
 -1.5244458e+000 -5.2444577e-001  1.0000000e+000
 -1.3239150e+000 -3.2391496e-001  1.0000000e+000
 -8.8441833e-001  1.1558167e-001  1.0000000e+000
  2.2725863e-001  1.2272586e+000  1.0000000e+000
 -5.7643356e-002  9.4235664e-001  1.0000000e+000
  1.8088929e+000  2.8088929e+000  1.0000000e+000
 -1.0723166e+000 -7.2316628e-002  1.0000000e+000
 -8.5366427e-002  9.1463357e-001  1.0000000e+000
  1.0608960e-001  1.1060896e+000  1.0000000e+000
  1.1708832e+000  2.1708832e+000  1.0000000e+000
 -1.2279694e+000 -2.2796939e-001  1.0000000e+000
  1.6384018e+000  2.6384018e+000  1.0000000e+000
  1.6887856e+000  2.6887856e+000  1.0000000e+000
 -1.9469345e+000 -9.4693454e-001  1.0000000e+000
  1.0701985e+000  2.0701985e+000  1.0000000e+000
  1.7893706e+000  2.7893706e+000  1.0000000e+000
  1.2532221e+000  2.2532221e+000  1.0000000e+000
  1.6953192e+000  2.6953192e+000  1.0000000e+000
 -1.2040110e+000 -2.0401097e-001  1.0000000e+000
  6.9708657e-001  1.6970866e+000  1.0000000e+000
  1.7084123e+000  2.7084123e+000  1.0000000e+000
 -6.2473363e-001  3.7526637e-001  1.0000000e+000
  3.7797175e-001  1.3779718e+000  1.0000000e+000
  4.6194801e-001  1.4619480e+000  1.0000000e+000
 -1.9865037e+000 -9.8650370e-001  1.0000000e+000
  1.9280503e+000  2.9280503e+000  1.0000000e+000
  1.5980524e+000  2.5980524e+000  1.0000000e+000
  7.7102939e-001  1.7710294e+000  1.0000000e+000
 -2.4138529e-001  7.5861471e-001  1.0000000e+000
  8.0409165e-001  1.8040917e+000  1.0000000e+000
  4.3885996e-001  1.4388600e+000  1.0000000e+000
 -8.0045735e-001  1.9954265e-001  1.0000000e+000
  1.4241488e+000  2.4241488e+000  1.0000000e+000
 -1.5517113e+000 -5.5171132e-001  1.0000000e+000
 -8.3375836e-001  1.6624164e-001  1.0000000e+000
 -1.6102131e+000 -6.1021309e-001  1.0000000e+000
 -4.1020812e-001  5.8979188e-001  1.0000000e+000
 -6.6674939e-001  3.3325061e-001  1.0000000e+000
  1.7769389e+000  2.7769389e+000  1.0000000e+000
  1.3542218e+000  2.3542218e+000  1.0000000e+000
 -9.6629039e-001  3.3709612e-002  1.0000000e+000
 -1.8284075e+000 -8.2840750e-001  1.0000000e+000
 -1.9764608e+000 -9.7646084e-001  1.0000000e+000
  2.9767187e-001  1.2976719e+000  1.0000000e+000
  9.7560781e-001  1.9756078e+000  1.0000000e+000
  1.2273231e+000  2.2273231e+000  1.0000000e+000
  5.5028258e-001  1.5502826e+000  1.0000000e+000
 -9.9491475e-001  5.0852541e-003  1.0000000e+000
 -1.4227182e+000 -4.2271819e-001  1.0000000e+000
  6.0620453e-001  1.6062045e+000  1.0000000e+000
  1.7843477e+000  2.7843477e+000  1.0000000e+000
  1.2635472e+000  2.2635472e+000  1.0000000e+000
  1.7209883e+000  2.7209883e+000  1.0000000e+000
 -7.6023456e-001  2.3976544e-001  1.0000000e+000
 -9.2473156e-001  7.5268444e-002  1.0000000e+000
  1.4580414e-001  1.1458041e+000  1.0000000e+000
 -1.3468868e+000 -3.4688682e-001  1.0000000e+000
 -1.1560479e+000 -1.5604791e-001  1.0000000e+000
 -1.1327516e+000 -1.3275164e-001  1.0000000e+000
  6.0715932e-001  1.6071593e+000  1.0000000e+000
 -1.7888953e+000 -7.8889526e-001  1.0000000e+000
 -1.0828389e+000 -8.2838879e-002  1.0000000e+000
  6.6972851e-001  1.6697285e+000  1.0000000e+000
 -7.5626529e-001  2.4373471e-001  1.0000000e+000
 -7.7346855e-001  2.2653145e-001  1.0000000e+000
  8.8271954e-001  1.8827195e+000  1.0000000e+000
  1.8176260e+000  2.8176260e+000  1.0000000e+000
 -1.4754464e+000 -4.7544643e-001  1.0000000e+000
 -1.7268928e+000 -7.2689276e-001  1.0000000e+000
 -1.4990909e+000 -4.9909093e-001  1.0000000e+000
 -1.3353863e+000 -3.3538634e-001  1.0000000e+000
  1.6456699e+000  2.6456699e+000  1.0000000e+000
 -1.4549589e+000 -4.5495893e-001  1.0000000e+000
