 -6.2740923e-001  3.7259077e-001  1.0000000e+000
  2.5185029e-001  1.2518503e+000  1.0000000e+000
 -1.5244458e+000 -5.2444577e-001  1.0000000e+000
 -1.3239150e+000 -3.2391496e-001  1.0000000e+000
 -8.8441833e-001  1.1558167e-001  1.0000000e+000
  2.2725863e-001  1.2272586e+000  1.0000000e+000
 -5.7643356e-002  9.4235664e-001  1.0000000e+000
  1.8088929e+000  2.8088929e+000  1.0000000e+000
 -1.0723166e+000 -7.2316628e-002  1.0000000e+000
 -8.5366427e-002  9.1463357e-001  1.0000000e+000
  1.0608960e-001  1.1060896e+000  1.0000000e+000
  1.1708832e+000  2.1708832e+000  1.0000000e+000
 -1.2279694e+000 -2.2796939e-001  1.0000000e+000
  1.6384018e+000  2.6384018e+000  1.0000000e+000
  1.6887856e+000  2.6887856e+000  1.0000000e+000
 -1.9469345e+000 -9.4693454e-001  1.0000000e+000
  1.0701985e+000  2.0701985e+000  1.0000000e+000
  1.7893706e+000  2.7893706e+000  1.0000000e+000
  1.2532221e+000  2.2532221e+000  1.0000000e+000
  1.6953192e+000  2.6953192e+000  1.0000000e+000
 -1.2040110e+000 -2.0401097e-001  1.0000000e+000
  6.9708657e-001  1.6970866e+000  1.0000000e+000
  1.7084123e+000  2.7084123e+000  1.0000000e+000
 -6.2473363e-001  3.7526637e-001  1.0000000e+000
  3.7797175e-001  1.3779718e+000  1.0000000e+000
  4.6194801e-001  1.4619480e+000  1.0000000e+000
 -1.9865037e+000 -9.8650370e-001  1.0000000e+000
  1.9280503e+000  2.9280503e+000  1.0000000e+000
  1.5980524e+000  2.5980524e+000  1.0000000e+000
  7.7102939e-001  1.7710294e+000  1.0000000e+000
 -2.4138529e-001  7.5861471e-001  1.0000000e+000
  8.0409165e-001  1.8040917e+000  1.0000000e+000
  4.3885996e-001  1.4388600e+000  1.0000000e+000
 -8.0045735e-001  1.9954265e-001  1.0000000e+000
  1.4241488e+000  2.4241488e+000  1.0000000e+000
 -1.5517113e+000 -5.5171132e-001  1.0000000e+000
 -8.3375836e-001  1.6624164e-001  1.0000000e+000
 -1.6102131e+000 -6.1021309e-001  1.0000000e+000
 -4.1020812e-001  5.8979188e-001  1.0000000e+000
 -6.6674939e-001  3.3325061e-001  1.0000000e+000
  1.7769389e+000  2.7769389e+000  1.0000000e+000
  1.3542218e+000  2.3542218e+000  1.0000000e+000
 -9.6629039e-001  3.3709612e-002  1.0000000e+000
 -1.8284075e+000 -8.2840750e-001  1.0000000e+000
 -1.9764608e+000 -9.7646084e-001  1.0000000e+000
  2.9767187e-001  1.2976719e+000  1.0000000e+000
  9.7560781e-001  1.9756078e+000  1.0000000e+000
  1.2273231e+000  2.2273231e+000  1.0000000e+000
  5.5028258e-001  1.5502826e+000  1.0000000e+000
 -9.9491475e-001  5.0852541e-003  1.0000000e+000
 -1.4227182e+000 -4.2271819e-001  1.0000000e+000
  6.0620453e-001  1.6062045e+000  1.0000000e+000
  1.7843477e+000  2.7843477e+000  1.0000000e+000
  1.2635472e+000  2.2635472e+000  1.0000000e+000
  1.7209883e+000  2.7209883e+000  1.0000000e+000
 -7.6023456e-001  2.3976544e-001  1.0000000e+000
 -9.2473156e-001  7.5268444e-002  1.0000000e+000
  1.4580414e-001  1.1458041e+000  1.0000000e+000
 -1.3468868e+000 -3.4688682e-001  1.0000000e+000
 -1.1560479e+000 -1.5604791e-001  1.0000000e+000
 -1.1327516e+000 -1.3275164e-001  1.0000000e+000
  6.0715932e-001  1.6071593e+000  1.0000000e+000
 -1.7888953e+000 -7.8889526e-001  1.0000000e+000
 -1.0828389e+000 -8.2838879e-002  1.0000000e+000
  6.6972851e-001  1.6697285e+000  1.0000000e+000
 -7.5626529e-001  2.4373471e-001  1.0000000e+000
 -7.7346855e-001  2.2653145e-001  1.0000000e+000
  8.8271954e-001  1.8827195e+000  1.0000000e+000
  1.8176260e+000  2.8176260e+000  1.0000000e+000
 -1.4754464e+000 -4.7544643e-001  1.0000000e+000
 -1.7268928e+000 -7.2689276e-001  1.0000000e+000
 -1.4990909e+000 -4.9909093e-001  1.0000000e+000
 -1.3353863e+000 -3.3538634e-001  1.0000000e+000
  1.6456699e+000  2.6456699e+000  1.0000000e+000
 -1.4549589e+000 -4.5495893e-001  1.0000000e+000
  4.6798168e-001  1.5320183e+000 -1.0000000e+000
 -9.2407341e-001  2.9240734e+000 -1.0000000e+000
 -1.1173439e+000  3.1173439e+000 -1.0000000e+000
  8.5160409e-001  1.1483959e+000 -1.0000000e+000
  1.9598577e-001  1.8040142e+000 -1.0000000e+000
  1.7653937e+000  2.3460630e-001 -1.0000000e+000
 -6.8054089e-001  2.6805409e+000 -1.0000000e+000
  8.1794521e-001  1.1820548e+000 -1.0000000e+000
  1.7737018e+000  2.2629816e-001 -1.0000000e+000
  3.2637735e-001  1.6736227e+000 -1.0000000e+000
  1.5206167e+000  4.7938326e-001 -1.0000000e+000
  9.9844658e-001  1.0015534e+000 -1.0000000e+000
 -4.8153063e-001  2.4815306e+000 -1.0000000e+000
  9.0224512e-001  1.0977549e+000 -1.0000000e+000
 -1.3488072e+000  3.3488072e+000 -1.0000000e+000
  1.8248185e+000  1.7518155e-001 -1.0000000e+000
 -1.2150847e+000  3.2150847e+000 -1.0000000e+000
  1.1047700e+000  8.9522998e-001 -1.0000000e+000
  4.5318286e-001  1.5468171e+000 -1.0000000e+000
 -1.3508791e+000  3.3508791e+000 -1.0000000e+000
 -1.8757838e+000  3.8757838e+000 -1.0000000e+000
 -8.4548474e-001  2.8454847e+000 -1.0000000e+000
  1.8842571e+000  1.1574288e-001 -1.0000000e+000
  1.8019974e+000  1.9800263e-001 -1.0000000e+000
 -1.0878088e+000  3.0878088e+000 -1.0000000e+000
  1.8341043e+000  1.6589566e-001 -1.0000000e+000
  7.1943304e-001  1.2805670e+000 -1.0000000e+000
 -1.7801232e+000  3.7801232e+000 -1.0000000e+000
  3.9936527e-001  1.6006347e+000 -1.0000000e+000
 -4.2741603e-001  2.4274160e+000 -1.0000000e+000
 -1.1385353e+000  3.1385353e+000 -1.0000000e+000
 -1.2704015e+000  3.2704015e+000 -1.0000000e+000
 -1.6929839e+000  3.6929839e+000 -1.0000000e+000
 -1.9703052e+000  3.9703052e+000 -1.0000000e+000
  1.1551320e+000  8.4486801e-001 -1.0000000e+000
 -1.9288495e+000  3.9288495e+000 -1.0000000e+000
  1.5117659e+000  4.8823414e-001 -1.0000000e+000
 -5.8983293e-001  2.5898329e+000 -1.0000000e+000
  8.8855907e-001  1.1114409e+000 -1.0000000e+000
  1.8738034e+000  1.2619664e-001 -1.0000000e+000
 -1.3773281e+000  3.3773281e+000 -1.0000000e+000
 -1.3481778e+000  3.3481778e+000 -1.0000000e+000
 -7.4641053e-001  2.7464105e+000 -1.0000000e+000
 -1.8824738e+000  3.8824738e+000 -1.0000000e+000
 -5.6949953e-001  2.5694995e+000 -1.0000000e+000
 -1.8912384e+000  3.8912384e+000 -1.0000000e+000
  1.1746681e+000  8.2533193e-001 -1.0000000e+000
  1.9969230e+000  3.0769822e-003 -1.0000000e+000
 -1.5590459e+000  3.5590459e+000 -1.0000000e+000
  4.9040463e-001  1.5095954e+000 -1.0000000e+000
 -1.4697126e+000  3.4697126e+000 -1.0000000e+000
 -7.5988084e-001  2.7598808e+000 -1.0000000e+000
 -1.4608492e+000  3.4608492e+000 -1.0000000e+000
 -1.1066947e+000  3.1066947e+000 -1.0000000e+000
 -4.1381285e-001  2.4138128e+000 -1.0000000e+000
 -1.4594260e+000  3.4594260e+000 -1.0000000e+000
 -1.0357652e+000  3.0357652e+000 -1.0000000e+000
  1.7100646e+000  2.8993540e-001 -1.0000000e+000
 -4.3559650e-001  2.4355965e+000 -1.0000000e+000
  4.5051094e-002  1.9549489e+000 -1.0000000e+000
 -1.6284155e+000  3.6284155e+000 -1.0000000e+000
 -1.9132043e+000  3.9132043e+000 -1.0000000e+000
 -1.3618607e+000  3.3618607e+000 -1.0000000e+000
  1.3780638e+000  6.2193622e-001 -1.0000000e+000
  1.5166139e+000  4.8338607e-001 -1.0000000e+000
 -1.2520419e+000  3.2520419e+000 -1.0000000e+000
  1.9652197e+000  3.4780324e-002 -1.0000000e+000
  8.4811936e-001  1.1518806e+000 -1.0000000e+000
  1.4854585e+000  5.1454153e-001 -1.0000000e+000
 -8.1475261e-002  2.0814753e+000 -1.0000000e+000
 -1.5980294e-002  2.0159803e+000 -1.0000000e+000
 -8.4987254e-001  2.8498725e+000 -1.0000000e+000
 -1.7562342e+000  3.7562342e+000 -1.0000000e+000
 -9.5012918e-001  2.9501292e+000 -1.0000000e+000
 -1.2549559e+000  3.2549559e+000 -1.0000000e+000
