  4.6798168e-001  1.5320183e+000 -1.0000000e+000
 -9.2407341e-001  2.9240734e+000 -1.0000000e+000
 -1.1173439e+000  3.1173439e+000 -1.0000000e+000
  8.5160409e-001  1.1483959e+000 -1.0000000e+000
  1.9598577e-001  1.8040142e+000 -1.0000000e+000
  1.7653937e+000  2.3460630e-001 -1.0000000e+000
 -6.8054089e-001  2.6805409e+000 -1.0000000e+000
  8.1794521e-001  1.1820548e+000 -1.0000000e+000
  1.7737018e+000  2.2629816e-001 -1.0000000e+000
  3.2637735e-001  1.6736227e+000 -1.0000000e+000
  1.5206167e+000  4.7938326e-001 -1.0000000e+000
  9.9844658e-001  1.0015534e+000 -1.0000000e+000
 -4.8153063e-001  2.4815306e+000 -1.0000000e+000
  9.0224512e-001  1.0977549e+000 -1.0000000e+000
 -1.3488072e+000  3.3488072e+000 -1.0000000e+000
  1.8248185e+000  1.7518155e-001 -1.0000000e+000
 -1.2150847e+000  3.2150847e+000 -1.0000000e+000
  1.1047700e+000  8.9522998e-001 -1.0000000e+000
  4.5318286e-001  1.5468171e+000 -1.0000000e+000
 -1.3508791e+000  3.3508791e+000 -1.0000000e+000
 -1.8757838e+000  3.8757838e+000 -1.0000000e+000
 -8.4548474e-001  2.8454847e+000 -1.0000000e+000
  1.8842571e+000  1.1574288e-001 -1.0000000e+000
  1.8019974e+000  1.9800263e-001 -1.0000000e+000
 -1.0878088e+000  3.0878088e+000 -1.0000000e+000
  1.8341043e+000  1.6589566e-001 -1.0000000e+000
  7.1943304e-001  1.2805670e+000 -1.0000000e+000
 -1.7801232e+000  3.7801232e+000 -1.0000000e+000
  3.9936527e-001  1.6006347e+000 -1.0000000e+000
 -4.2741603e-001  2.4274160e+000 -1.0000000e+000
 -1.1385353e+000  3.1385353e+000 -1.0000000e+000
 -1.2704015e+000  3.2704015e+000 -1.0000000e+000
 -1.6929839e+000  3.6929839e+000 -1.0000000e+000
 -1.9703052e+000  3.9703052e+000 -1.0000000e+000
  1.1551320e+000  8.4486801e-001 -1.0000000e+000
 -1.9288495e+000  3.9288495e+000 -1.0000000e+000
  1.5117659e+000  4.8823414e-001 -1.0000000e+000
 -5.8983293e-001  2.5898329e+000 -1.0000000e+000
  8.8855907e-001  1.1114409e+000 -1.0000000e+000
  1.8738034e+000  1.2619664e-001 -1.0000000e+000
 -1.3773281e+000  3.3773281e+000 -1.0000000e+000
 -1.3481778e+000  3.3481778e+000 -1.0000000e+000
 -7.4641053e-001  2.7464105e+000 -1.0000000e+000
 -1.8824738e+000  3.8824738e+000 -1.0000000e+000
 -5.6949953e-001  2.5694995e+000 -1.0000000e+000
 -1.8912384e+000  3.8912384e+000 -1.0000000e+000
  1.1746681e+000  8.2533193e-001 -1.0000000e+000
  1.9969230e+000  3.0769822e-003 -1.0000000e+000
 -1.5590459e+000  3.5590459e+000 -1.0000000e+000
  4.9040463e-001  1.5095954e+000 -1.0000000e+000
 -1.4697126e+000  3.4697126e+000 -1.0000000e+000
 -7.5988084e-001  2.7598808e+000 -1.0000000e+000
 -1.4608492e+000  3.4608492e+000 -1.0000000e+000
 -1.1066947e+000  3.1066947e+000 -1.0000000e+000
 -4.1381285e-001  2.4138128e+000 -1.0000000e+000
 -1.4594260e+000  3.4594260e+000 -1.0000000e+000
 -1.0357652e+000  3.0357652e+000 -1.0000000e+000
  1.7100646e+000  2.8993540e-001 -1.0000000e+000
 -4.3559650e-001  2.4355965e+000 -1.0000000e+000
  4.5051094e-002  1.9549489e+000 -1.0000000e+000
 -1.6284155e+000  3.6284155e+000 -1.0000000e+000
 -1.9132043e+000  3.9132043e+000 -1.0000000e+000
 -1.3618607e+000  3.3618607e+000 -1.0000000e+000
  1.3780638e+000  6.2193622e-001 -1.0000000e+000
  1.5166139e+000  4.8338607e-001 -1.0000000e+000
 -1.2520419e+000  3.2520419e+000 -1.0000000e+000
  1.9652197e+000  3.4780324e-002 -1.0000000e+000
  8.4811936e-001  1.1518806e+000 -1.0000000e+000
  1.4854585e+000  5.1454153e-001 -1.0000000e+000
 -8.1475261e-002  2.0814753e+000 -1.0000000e+000
 -1.5980294e-002  2.0159803e+000 -1.0000000e+000
 -8.4987254e-001  2.8498725e+000 -1.0000000e+000
 -1.7562342e+000  3.7562342e+000 -1.0000000e+000
 -9.5012918e-001  2.9501292e+000 -1.0000000e+000
 -1.2549559e+000  3.2549559e+000 -1.0000000e+000
